Duke 99.179 90.812 71.726 52.423 32.166 19.333
Virginia 98.143 88.220 72.678 49.311 31.520 17.223
Gonzaga 98.919 88.255 71.455 49.505 26.161 14.775
North Carolina 97.791 86.269 56.725 35.106 17.872 8.732
Michigan State 96.447 73.958 54.284 22.479 12.368 6.717
Kentucky 96.912 73.139 47.355 24.230 11.374 5.149
Tennessee 94.973 68.896 44.147 20.596 11.064 4.996
Michigan 93.997 69.062 39.563 16.602 7.824 4.009
Texas Tech 90.605 64.833 34.121 14.116 5.632 2.503
Purdue 88.095 50.615 24.850 10.297 5.216 2.214
Virginia Tech 88.847 61.706 18.770 10.298 4.495 1.977
Auburn 77.421 49.155 20.945 10.958 4.506 1.802
Houston 89.146 53.215 23.466 9.560 3.467 1.234
Florida St 79.029 53.640 15.367 7.251 2.700 1.131
Kansas 82.522 38.270 15.634 7.914 2.777 0.959
Iowa State 67.282 32.870 14.510 5.917 2.282 0.860
Wisconsin 60.061 33.033 8.825 3.800 1.806 0.717
Villanova 75.267 39.054 14.867 4.824 2.036 0.716
Kansas State 76.662 40.993 10.153 4.119 1.841 0.687
LSU 84.417 49.070 15.663 3.727 1.323 0.483
Cincinnati 67.690 22.869 10.969 3.651 1.444 0.476
Louisville 67.760 19.424 10.871 2.893 1.091 0.420
Nevada 57.783 18.331 9.544 3.592 1.121 0.403
Maryland 62.062 31.284 12.534 3.764 1.182 0.386
Buffalo 65.810 23.760 8.865 2.602 0.884 0.342
Mississippi St 78.645 30.824 5.550 2.123 0.716 0.249
Marquette 64.023 26.369 5.341 1.929 0.628 0.234
Wofford 63.350 18.553 7.866 2.500 0.744 0.220
Syracuse 60.298 7.920 3.751 1.302 0.382 0.130
Florida 42.217 11.382 4.206 1.102 0.311 0.102
Ohio State 32.718 11.697 3.645 1.060 0.298 0.084
Oklahoma 52.909 6.247 2.834 0.849 0.282 0.078
Iowa 32.310 7.356 2.624 0.641 0.236 0.072
Belmont 37.938 15.651 3.734 0.663 0.178 0.050
Arizona State 34.190 8.843 3.069 0.840 0.188 0.050
Oregon 39.939 18.856 2.618 0.649 0.194 0.048
Seton Hall 36.650 7.908 2.771 0.723 0.186 0.048
Saint Mary's 24.733 7.833 2.056 0.472 0.164 0.048
Utah State 50.599 6.774 2.213 0.701 0.178 0.046
Ole Miss 47.091 5.160 2.225 0.628 0.181 0.044
VCU 50.499 4.619 1.794 0.625 0.154 0.040
Washington 49.401 6.514 2.054 0.630 0.158 0.040
Minnesota 32.240 6.059 2.197 0.337 0.106 0.035
Murray State 35.977 11.199 1.703 0.484 0.115 0.032
UCF 49.501 4.467 1.464 0.433 0.105 0.027
New Mexico St 22.579 9.046 1.853 0.527 0.115 0.026
Baylor 39.702 3.692 1.429 0.396 0.081 0.020
Vermont 20.971 8.792 0.940 0.196 0.035 0.008
Northeastern 17.478 3.529 0.538 0.117 0.021 0.004
Liberty 21.355 4.151 0.438 0.109 0.020 0.004
UC Irvine 23.338 7.118 0.611 0.097 0.019 0.003
Yale 15.583 3.996 0.634 0.075 0.012 0.002
N Kentucky 9.395 2.563 0.406 0.053 0.009 0.002
Saint Louis 11.153 3.319 0.250 0.046 0.008 0.002
Old Dominion 11.905 2.498 0.362 0.048 0.009 0.001
Georgia State 10.854 2.219 0.340 0.050 0.007 0.001
Montana 6.003 1.226 0.226 0.030 0.004 0.001
Colgate 5.027 0.879 0.126 0.013 0.002 0.000
Bradley 3.553 0.559 0.084 0.005 0.001 0.000
Gardner-Webb 1.857 0.372 0.054 0.005 0.000 0.000
Abil Christian 3.088 0.400 0.047 0.004 0.000 0.000
Iona 2.209 0.443 0.039 0.003 0.000 0.000
North Dakota St 0.821 0.103 0.008 0.001 0.000 0.000
F. Dickinson 1.081 0.133 0.014 0.001 0.000 0.000